24 2349035
24 5563192
24 3741983
24 288963
24 832839
24 5644033
24 1865599
24 717942
24 3211078
24 2769223
24 2441796
24 368222
24 3964333
24 2787356
24 1591256
24 1102389
24 2960455
24 3592068
24 903277
24 237123
24 404688
24 3438048
24 1090093
24 2775107
24 153174
24 1146153
24 1031961
24 1419096
24 7199653
24 355451
24 1081564
24 2300840
24 1430904
24 5703775
24 2393817
24 1597443
24 1122155
24 1361546
24 3441031
24 1761011
24 7954715
24 88928
24 1381226
24 3892497
24 7042926
24 5550999
24 292026
24 2099349
24 2098084
24 2209227
24 17823
24 4270961
24 1600206
24 2807210
24 3919743
24 139984
24 903411
24 1791674
24 4552243
24 3321193
24 149668
24 1674306
24 999703
24 6849367
24 2277894
24 2497878
24 701646
24 1797748
24 376457
24 1661667
24 1577944
24 2644147
24 4335288
24 2092657
24 2377984
24 713092
24 935707
24 7255041
24 4876262
24 1434429
24 183738
24 344932
24 3568265
24 3221602
24 975711
24 3313783
24 58180
24 626545
24 2230408
24 1616279
24 2103892
24 115590
24 2587443
24 3179465
24 256748
24 18937
24 8798532
24 1097942
24 1271749
24 4189411
30 4075332
30 3041945
30 8236778
30 455887
30 3540122
30 1482691
30 2282659
30 3875453
30 2219428
30 457984
30 2841198
30 729072
30 3094947
30 8140363
30 2735572
30 837714
30 5420963
30 4424597
30 156513
30 141650
30 2676447
30 4225931
30 760251
30 1184616
30 195281
30 451053
30 1187019
30 72404
30 2278399
30 13863867
30 2033795
30 26802347
30 2423042
30 1038268
30 130485
30 7550506
30 593483
30 1052824
30 339579
30 5202945
30 1812137
30 4003432
30 13373581
30 1217247
30 263182
30 62394
30 2585248
30 1220195
30 808575
30 6593927
30 4587095
30 1601461
30 20397584
30 4882061
30 5125900
30 509348
30 3377750
30 3140302
30 5253713
30 2963106
30 978108
30 7561749
30 1319513
30 12020516
30 133067
30 942851
30 5700029
30 5426856
30 1181220
30 506996
30 3521356
30 1691006
30 1626488
30 2619312
30 788318
30 3262842
30 4387868
30 2919212
30 1425904
30 2402782
30 6293110
30 4253581
30 4737123
30 2119977
30 6815949
30 14526584
30 1484738
30 565334
30 930149
30 8420307
30 10843814
30 13732544
30 1502338
30 1803693
30 6456123
30 198262
30 5093076
30 3455482
30 6554989
30 3514616
40 6723729
40 1207950
40 7432006
40 16770146
40 159867
40 2633289
40 7197973
40 2053047
40 3612132
40 839992
40 11404551
40 4374862
40 994185
40 8522682
40 2554798
40 10536195
40 356925
40 2673594
40 7089797
40 6318792
40 3075578
40 3432452
40 4240075
40 11526038
40 2169023
40 3428215
40 5860304
40 1604332
40 8791623
40 5358779
40 7126691
40 2252485
40 2368129
40 1754330
40 3312358
40 1793601
40 2496439
40 623904
40 228388
40 6027995
40 907920
40 11423930
40 3324862
40 4633409
40 1045582
40 687590
40 21160655
40 12417131
40 4445051
40 1498480
40 1380500
40 5783083
40 3884045
40 2695009
40 3203796
40 35240
40 4563548
40 4724492
40 5997523
40 2942681
40 5419474
40 2861630
40 3906908
40 15755321
40 731904
40 7391682
40 5818584
40 5696220
40 2618075
40 723006
40 3832808
40 9175178
40 1070734
40 5794488
40 6399610
40 539551
40 1573055
40 2688573
40 10376487
40 7512649
40 5291238
40 1145248
40 4974206
40 88995
40 542099
40 781852
40 1749065
40 10016897
40 14014457
40 2284688
40 6263538
40 985054
40 1587495
40 1497880
40 8286388
40 9720089
40 11118858
40 419936
40 4531826
40 19328895
